474 111111, ,1111111111111 111 11111111111111111111. concil. (11.1

1111111111111111 1·11111,11111111111111111111111 1111 111 111111 111 111111
1111111111111 1111111 11 11111111, 111 1111111 1111111111111111111111111
1111111111 111; 1111 111 1111111111 1111111111, 111111 5111111111 conciis 11-
11111111111111111. 111111111111111111 1111111111 1111, 11 1111 111
1111111111 111 111111 1111111111111111111 111 11111 111111 111 111111111
111111, 111111 1111111111111 1111111111111 1111111111 111111111111111-
111111 111 1111111111111 leit 111. 111 1111111 durch 1111111111 111 1111111111111
111 11111111 1111111111111111; 11 11111111 1111111111 1111 1111111111111111111-
11111111111111111 1111111111111111111111 (eo 11111111 11111) 11111111111111111
11 111111111111111111111111111 Ernst und die 1111111111 111 111111 111
111 11111111 111 1111111111 11111111111111111111 1111111. 81111111111111111111
1111111111111 1111111 1111- 11111 1111111, 111111111111111111111 11111-
langen. ,11111 1111 es 11111111, 1111 111111 1111111111111111111111, 1111111111
111 11111111111111 111 1111 1111 1111111111, 111111111111111111, 11111111 111
1111111111 1111111111 1111111111 1111111 111111. ,11111 1111 11111111, 1111 111
111 1111111111 11111 11111 1111 111 111 ,1111111111 111111111111111111111111
111111 111 111 111111 1111111111 111 1111 11111 1111111 11111 1111 1111111 11111-
111, 1111111 111 1111111111 11111111111111111 1111111111, 1111 also 111 nectet,
11111 11111111 111111 1111 1111111111 111111111111111111181111111 sich 11111111.
1111111111111111111111 11111, 111111 1111 11111111, 1111 1111111111111111111
111111111111111111111111 11111111111111 111 111111, 1111111 11111111
11111111111111111111111111111111111111111 werde, und 1111 1111111111, 11111,
11111111111111 111 1111111111 1111111111111 111111, solunge noch ein 1111111
11111 11 1111111 11111111111111111 11 11111111 11111111 1111 11 111 1111111111
1111111111 1111111111 11111111 111 11111111111111111111111 1111, 1111111 ¹
11111111111111111111 1111111111 111, 11111 11111 1111111111 11111111111111
111111 1111111, 111 11111, 11111 111 81111111111111 11181111111111, dieser 111111
111111111111. 1111111111111111111111111 111111111111 111111111111 »111 1111111
1111111111111 8111111111 111 111111 111 111111111111111111111111111, 11111111 ,
111111111111111111111111111111 1111111111 negt, 111 11 11111111, 1111. 3
1111 111111 1111111111 111111, 111 11111111111111111 111 1111111111 111111, 11111
(11111111 111 1111111111111111111 last 1111111111 11111. 1111 111111 1111111·
11111111111111111111111111111111111 des concils 11 1111111 1111111 111
111 1111111 1111111111111111111, 111 1111111111 111 1111111111 1111-
111111 111 1111111111 11 1111111 1111111 1111111111 111111 111 11111111 111111
11111111111111111111 111111, 1111 1111111111 11111111 111 1111111111111111111
111 in 111111 11111111 1111111111 111111 111111 grosse 1111111111111, 1111111

..1111 11111 1111111111 1111111 11111111 ³

11. 11111111 11111111111111111111111111111111 1111111111111111111111
1111111111 11111111111111 111111111111111 1111111111 11111111 1111111111 111
111111111111111111 11111111, 11111111 11111111111111 111111 1111 1111111111 111
11111111111111111111111111111111111 11111, 1111111111 111 1111111111· Sti-m· ¹
111111111111 111111 concil zu 1111111. 1111111111· 111111, 111111111111111111 ³
11111111, segon 111111 1111111111 111 111111111111111111111111111111111
1111111, 111 1111 1111111111 111111111111 1111111111111111, 11111111111111111
111 1111111111 11111111, 1111111 1111 1111 111111 111 111111 1111111111 1111111111
1111111111 1111111111111 111111 11111 111 fust 1111

»11111111 111 1111 111 11111111 11111 1111 1111111111 11111111 1111, 11·
1111 11111111111111111111111111111111111111 111 1111111111 111111 111 111

 

