112 Verinq, 1111111.111111111111111111111111111.11111111 1111111111.

Laut 111 ,111111111111 Ε1111111111111 vom 11. December 1150
111111111111111111111111111111 1111111 111 1111111111 11111111 1111
1111111111111111111111 1818111111111111 11111111111111, 1. 1.

1111111111111111111111. 111111111111111 1111111111 1111111 1111111111 11111111
worden, und 11111111111111111111111111. 1111111111 11111111 aus 1111 comitatem
1) 1111 (1111 1111111111 111 1111111111, 111 111 1111111111 11111111 11111111) mit
92,717 1111111111, 9129 (dem 1111111111 11111111 111111111111111) 11111111,
21927111111111111111111. cont.. 1771111111. 1) 11111 1111 1111211111111111,
11121 111111111111, 1191 111111; 111 c) 1111 11111111 1111111111, 7191 111-
testamen und 2999111111. 1111 11111111111 111 1111111111 11111111 11111111

201512. 1111 11111111 1111131111111111111111, und 111111 112 1211111111 mit 3

11111 so 1111111 111111111111, 111 1111111 1111195 11111111. 1111111111 1111111111
1911111111111111159111111111111, 1111111111 12 1111111 111 1711111111
waren (1111 1111 111111111111111111111 1111111111 1111). 1111 1111111111 1111
111 11111111111111 1111111211 1111111111, 11111111 Ι11 11111111. 1111111111111
117111111111111111 11 111111111111·11111111 111 17 111111111111111. Pro·
111111111111 1111111111 111111 1111 11 11111 synagogen. 1111111111111 11111-
11111111 11111111111111 11 11111111 1111111, 1111111 (1111111111 1111) 11 111·
1111111111. nie prm-congrua 1111 111191 11. W. 111 1111111111, 11111 1111
1111 11111111111111·111111 1111111. Wo 11111111·11111111111 11111111 111
11111111111111111111 111111 1111111111, 11111111111111111 111 111 1111111111-
111111111111. 111111111111111 111111 11111111-11111111111 111 1111111111
11111 contributum nicht 11111111111. -11111111111 1111111111111-1111111 111
1192 1111111111111;1. 111 1 11111111111111111111 21. W. 1.,11111 zu 11.
1911111111, 111111 111 1 1. 1211, 111111 1111 11., 111 11111 11 Wiener
1111111111 1111111111, 11 1111 11111111111111111111 111111111-111111111111
11111111, 11111 1111111111 111111 111111 111111 1111111, 111111 111 111 1111111111-
1111111 1111111, 1111 1111111111111111 111 1111421111. W. W. 1111111111. -
11111111 1111111111111111111111-1111111 1111 111 1111111111111111111, 111
1111111111 111-11111111 1111111111 1111111111111111111111-11111111111 111 111
11111111-111111111,111111111111111 1111111111111111111111111111 1111111111. 11

11111111111111111 1111111111 11111111, 111111111111111 1111Ι 111 11111111· Ι

111111 111111111111111, 11 1111111111111 1111111. 1111111111 1111 1111111-
11111111111111111111111, 11 11111, 1111111111 1111111111 111 11111111, 11111
111111111 111111 11111111 111, 1111111111 einen Heller Wnkommen hatten. -
1111111 11111111 111111 111111111111, 1111111 111 111111111111111 11111111, 111
ganzes 1111111111 gratis 1111111111, 1111111111111111111111111111111111.

-— 1111111 11111111 1111111 11111111111111111111111111 11111111, 11111111- ·

11111 111 1111111111111111111111111111111 1111111111 11111111) 111 1111111111·
11111 111111111111111 11 111111111111 111 1111111111 11 surgen 11111111111 11
§. 2. 111 1111111111 1111111111 111 1111111111 11111111111111111111, ,111 111-
1111 1111111111111 1111 ohne 11111111111 111 confession gehnrig versorgt 1111111.“
1111 1111111111111111111 11111111 11111 111111 111.

1111 11111111111111111111111 1111111111, 1111111111, 1111 111 11111111 111
111111 11111111 111111 1111111111111 1111111 1111111-1111111 1111111111 111, 111
1111111111 11111111 1111 1111111·111111111111ε 1111111111, welche 111 111111 111
91111 1. 11111111 111 11111111111111111 111111 1111111111 11111 11111111 111

 

