420 0311311333 1131133113 133111333331 des 3333 wenrgesetz 13 ungam.

“ 13311313333133333336.1311186933311313113311313133 1

eeinem 131331131133313 33 3131133, 333 331333 133113113131131311313
3333133113133333313331331 ihm 331331133113, men 33313 wider 113
313 33333 31333 1133331331 33311333, 33 33 313113311333133113 331333

· 1131331133333313133333131333 31313.

Des 3133131333133331333Μ1331333333111 nun sofert 3311333

113333 331 1333331333 331, 13 133 Β33131313 133, (13331333 3313
1313133131. Wir beben in 133131133333338331333133313111133
11331333, 3331333 333133131311311333, 113 333113331133331133131
Studien obliegen3 ferner 13313333 113 3311111333 Τ13313333 3331
113 1133133133133 Studien, 331333 313 1333131311 1331. Sedann kann,
3333 31331333311331333133113313 133 (13331333131331331 3113313313
1131113333133 11131313313333 13131131 333, 3133 3333 1331131333, 113

1133331 1131333113( 13331331133 11311333 33 Waffendbungen
einberuft, 13 men ja 31331131 3331333333131313313113 Kriegsfalle
3131113333133 kann. .

1333313331 3331 333113 1113311133 PerlementemaJ'ori-
11133 11313133 Η331333133133 33313313, 331 113 1131331333 Μ133-
3111133 3311313111133 3331333 313 3333313331113133 33313333133133133
111313133131313113 3133 313113 3313333, 313 3131331333333333331333
133· Parlamentemajorieee. Wie 333, 3333 13313311113313 11131-

‘ - 3333 von 3333 3333333 eor 33333 negent 3333 nonu

uns Ι333 33133 133 Μ13131331333 133 11331133 mit einer 331313313133-
333131133 1331131313, 3313133 Art werden 3311 jene 11311313333333
3313, 113313 33331333 Ministerium 1331131333, 133 1313333333 33
133 Π333131131131133 331131, 33 33333133 haben?

1133 3331 im 11113 elle 11333 1311331133333 wider 113-
33313331333133113131 3333131333 3313133, 33 33313131 1331133313
3311313313331313133313 11311131313131-11333313333 vom 1. 113· ·
3331. J. 133 113311 1331113313.

Dee Gesedn 11333311 3333 113 11331333· 331 13133131133133
Κ13313, 3113131313 13333331 331311313331133313 31311 333, 3331333
31313313 333331 331 3331333 13 Β3331133, 331 13 3331311 men 3331
333 31333 133133 Κ13313 133 13133 813313. Es 331131 1333 1331
num 3111113133 1133113 131Κ13313, 331131133 03133 3313313133, 331
131313, 133 333 1131313333 133 von Christus dem Herrn empfohlenen
333333133133111113 Beruf 131, 113 Μ1311311311 11333 33113133.
Der 11331 131 13133331 1313113311, demanded 333 1113131113 13 31333
3311311333 03133 331131333, 331 1333311331, der 113 1311313313
Κ13313 3333133331, muse 3331 113333 113311 133 1113313 1311333
131133, 33331 31133333131133 3131331131.

 

