399 Sempe: Steunng 999 9911999999 rsruengenossensc 1991999 199 9999991999.

9919999199, wohl 9999 91991199 999 199 jedes (19999919 ausser 999
999999119999 19999999 11999919 ung 919 Genehmigung 999 91999919
(nach 999. 39. 999 Cone. 9999919999 99191999 9999 dasS. 139. 9999919999
Arest 999999991199 999. ’ ,

1199 1119999999 999 geis 9119999 (199999999991999 99 99911999 999 ’
91199991999 9999991999, Η999119199999 9999199 9199 9999991991,

9. 19 Retron Preurrmr, 999 999 1999199999999999 19 999 119991
999199999199 9999 191999 9999999991999999 999 099999991999999999,
9991199999999119 durch Anschliessnng 99 9199 9999999999 9999919,
99919999 werden kann, 199 999 99 9999991999, 9999199999 9991999
999 9999991999 (19919999-0999999 9199919199 Arte 999 Congregation
durch die Beglauhigung und Genehmigung des 0991999999 9999
9919. 9. 415 Th 11. Τ. 1. 991199 99919 1999119199 werden 999 9199-
999919 919 1199 garrisse (9199999199 99999 vorgesohriebene 9999919119 9999
gerion 9119199 119999 99999 9 99199.

1119 (1999999919 999 09999999919999 9199 grands 9999999199919
wie 9119 9991999991999919999 91999 9999 9999999999 (19919999 999999-
19919919 99999999 99119 . Von 999 (199919991999 999 gin 99999199.

11199999999119199 999999 (9199999- 999991999111919999191999999·
999999) 999199 919 8999999 999 919199; 99911999991919999 hat 91919
durch 9999199999 31. 991 1859 919 999999199119919 999 9999999999
99999919999, weil 919991999 grundsat'zlirh 999 9199. [Man 9999 99919
999 919 Anhang 99 919999 9999991999 9999999999 1999991999 999
999999199999 919999919199999 rom 9. August 1861]

· n 99 999999 rer 999999, 999999 999 9999999).

l. 1199999999. 1119 99199999 19 919 congregationen 919-
999119991199 999 9919999999 99 999 99199999 199 999 999 9999999999
ganz 9999999919, 19919119999999 999 099999 999 99911999119999
Β999999.

1199 barmherzigen 9999999999 199 91999 19919919 19 9. 19. ihrer ,

99999999 999999911199, jedoch 9919 dem 9999999, 99999999, 9999 999
9999199999 999 99199999999999991999919999, 99 wie 999 91999-
1991999999999Ρ99199999991999999 1999199999 auch 999· 9919119999
,9999999 vorgelegt werden 9911.Ι 1199 9919919999-91999 199 991 999
99999999199999999999999 auf 919 9919 vom 18. 919 24. 1919991999
9999999, 999 9999999 9999119999 99999119 919 Genehmigung'. 1119
9199919999 999 Ρ991999 9999 991999 Genehmigung ist zwar 91999 991
999919 99999999, 991999 9999 91911999991199 91919199 199999, 9999 999

ψ-

1) 191. 999199 schrift: (199. 9. ς. 2. 19. 999 999. 7.

 

